Rotation Axis Vector (Camera Frame)
X: 0.999495
Y: -0.031751
Z: 0.001171
