Rotation Axis Vector (Camera Frame)
X: 0.999526
Y: -0.030289
Z: -0.005538
